3227.775878 -1015.911315 -351.968750 0.000000 54.173130 0.000000
3438.764648 -1015.159729 -351.968750 0.000000 150.170120 0.000000
3411.226562 -563.088378 -351.779907 0.000000 177.595916 0.000000
3469.635253 -310.057464 -351.968750 0.000000 -166.992980 0.000000
2704.924804 -625.419616 -351.968750 0.000000 45.694965 0.000000
2612.737304 -301.645172 -351.968750 0.000000 -168.411972 0.000000
1911.290893 -850.304016 -351.983001 0.000000 78.199981 0.000000
1604.952758 -302.153747 -411.968750 0.000000 -127.752838 0.000000
1047.106811 -634.014282 -415.969085 0.000000 -75.943145 0.000000
1344.810546 -729.872619 -415.969085 0.000000 100.012855 0.000000
1359.936889 -320.195434 -415.969085 0.000000 -130.327087 0.000000
1174.697387 122.563941 -415.968750 0.000000 -164.779083 0.000000
948.395202 -93.938575 -415.969085 0.000000 119.452812 0.000000
576.082336 879.197082 -479.968750 0.000000 -158.674148 0.000000
111.349822 104.558097 -415.968750 0.000000 -50.764152 0.000000
134.893798 -595.817138 -415.968750 0.000000 87.937866 0.000000
223.415664 -719.122741 -415.968750 0.000000 -120.757102 0.000000
-436.878875 -1096.114868 -415.968750 0.000000 64.243873 0.000000
224.246917 -1050.489379 -287.968750 0.000000 138.628814 0.000000
227.260940 -707.305847 -287.968750 0.000000 -136.627258 0.000000
-200.940170 -1263.141113 -415.968750 0.000000 -12.415362 0.000000
375.734436 -1450.616943 -415.968750 0.000000 80.116828 0.000000
903.948486 -1565.968139 -415.968750 0.000000 -81.781219 0.000000
653.015197 -583.242431 -415.968750 0.000000 168.127792 0.000000
601.219604 -330.174560 -415.968750 0.000000 -90.394248 0.000000
187.926223 -1129.350097 -382.768737 0.000000 91.966667 0.000000
1251.834472 -324.576477 -103.968750 0.000000 -127.447517 0.000000
301.854248 -306.266021 -127.976577 0.000000 283.284912 0.000000
986.646240 -878.463745 -120.968750 0.000000 177.706481 0.000000
1060.018554 -531.979064 -185.968750 0.000000 271.386718 0.000000
1049.481323 -825.032348 -407.968750 0.000000 -7.525321 0.000000
2075.249023 -1759.894775 -415.971649 0.000000 -179.686279 0.000000
2093.104980 -2020.274291 -415.971649 0.000000 -159.820281 0.000000
2089.255615 -2272.980712 -415.971649 0.000000 -156.355285 0.000000
1931.391235 -2292.198974 -415.971649 0.000000 179.521575 0.000000
1707.319335 -2293.656738 -415.971649 0.000000 -172.987396 0.000000
1466.639526 -2174.955566 -415.968841 0.000000 -142.693206 0.000000
1438.628295 -2203.216064 -639.968750 0.000000 77.746788 0.000000
1710.962402 -2187.085693 -639.968750 0.000000 162.292770 0.000000
1217.778686 -982.318237 -766.968750 0.000000 -149.981308 0.000000
1264.081176 -595.709777 -639.968750 0.000000 113.584587 0.000000
923.067932 -1349.092651 -767.968750 0.000000 166.120513 0.000000
836.316650 -298.832366 -767.968750 0.000000 -90.886528 0.000000
444.789001 70.635025 -639.968750 0.000000 -84.352592 0.000000
355.721405 -300.597778 -639.968750 0.000000 -44.425613 0.000000
576.152954 -6.518729 -639.968750 0.000000 9.265364 0.000000
-1085.183227 -1206.532958 -379.491851 0.000000 -146.106842 0.000000
-1803.282958 -1350.545776 -407.968750 0.000000 55.132507 0.000000
-1725.067016 -946.302734 -405.728393 0.000000 -117.438560 0.000000
-2386.117675 -1227.288452 -407.971832 0.000000 133.529892 0.000000
-2560.860351 -704.110351 -410.474731 0.000000 167.200653 0.000000
-2926.751953 -1238.338745 -415.968750 0.000000 29.422677 0.000000
205.240783 -317.287292 -171.968750 0.000000 -125.743400 0.000000
224.541030 -907.410949 -95.968750 0.000000 -98.056442 0.000000
72.921669 -1668.558471 -19.968734 0.000000 -10.012408 0.000000
3.024536 -1280.554443 -271.968750 0.000000 120.865570 0.000000
-336.016052 -1244.714233 -415.968841 0.000000 -76.015441 0.000000
-150.556640 -1435.552246 -415.968750 0.000000 -93.010459 0.000000
146.244415 -1986.982910 -415.973358 0.000000 -107.596397 0.000000
385.416229 -1616.899780 -415.979309 0.000000 -48.295276 0.000000
778.097167 -1668.303344 -229.808731 0.000000 -49.354309 0.000000
