-589.327087 819.153442 -215.968673 0.000000 138.216888 0.000000
1364.918579 -1594.056152 -351.968750 0.000000 132.075546 0.000000
75.633819 -1294.628784 -286.968750 0.000000 -148.328277 0.000000
-490.992920 -962.031250 -351.968688 0.000000 -51.268497 0.000000
1383.968750 -960.031250 -351.968750 0.000000 -133.121917 0.000000
706.822326 -1714.831909 -103.968750 0.000000 58.300758 0.000000
-474.600799 -1477.621582 -351.968750 0.000000 -2.703362 0.000000
-559.186767 1671.319580 -209.968750 0.000000 -82.632339 0.000000
-465.710144 1255.480590 -86.902038 0.000000 88.847068 0.000000
119.043632 1295.802490 -212.837005 0.000000 46.364479 0.000000
629.631042 1440.142822 -214.008666 0.000000 160.207733 0.000000
1480.002563 1449.384033 -215.968750 0.000000 127.940948 0.000000
1363.637329 1763.076171 -223.968750 0.000000 -155.499023 0.000000
1503.973144 659.188659 -215.968750 0.000000 179.674682 0.000000
1940.045410 561.918212 -215.968750 0.000000 -136.197860 0.000000
2005.180541 -1037.123535 -318.325012 0.000000 145.720275 0.000000
1475.830932 -972.185791 -311.487304 0.000000 -35.902961 0.000000
1946.452514 -1273.496337 -282.208770 0.000000 179.469085 0.000000
1066.499389 -580.038940 -216.331085 0.000000 -138.317245 0.000000
-1043.968750 -1775.968750 -151.968750 0.000000 41.602478 0.000000
2001.135742 -505.874053 -215.968750 0.000000 -121.564361 0.000000
1809.184204 84.268989 -215.968750 0.000000 56.813850 0.000000
579.067565 107.862907 -215.968750 0.000000 -120.000000 0.000000
-451.371856 -158.918090 -222.852569 0.000000 32.994338 0.000000
439.635620 -629.384399 -220.789611 0.000000 57.731189 0.000000
-739.617858 -335.967193 -215.968750 0.000000 -16.793117 0.000000
-406.748260 584.149414 -215.968750 0.000000 -48.902385 0.000000
-72.207489 761.363220 -222.886108 0.000000 -164.078582 0.000000
374.779052 -1278.105224 -355.968750 0.000000 -142.282409 0.000000
432.261932 -444.152435 -215.178237 0.000000 -37.026050 0.000000
819.697204 -422.497497 32.031250 0.000000 122.201812 0.000000
-457.450042 287.985626 -221.489471 0.000000 41.916625 0.000000
-118.552764 31.507690 -215.968750 0.000000 139.190032 0.000000
-886.596008 1137.322509 -214.008743 0.000000 131.504226 0.000000
-879.998718 716.833435 -220.978317 0.000000 0.882866 0.000000
-625.133605 721.263488 40.728740 0.000000 -154.174713 0.000000
-1028.076171 -526.380737 -95.968750 0.000000 -48.333534 0.000000
-349.499328 -359.314788 -217.968750 0.000000 136.786392 0.000000
1085.089111 575.363952 -215.968750 0.000000 -148.369338 0.000000
480.056518 705.098022 -211.968750 0.000000 -17.095800 0.000000
1007.968750 287.968750 -215.968750 0.000000 -130.307907 0.000000
950.604797 -367.971160 -189.928741 0.000000 131.563491 0.000000
1910.021972 -1759.598022 -323.968688 0.734201 133.012100 0.000000
-820.221862 914.304992 40.031250 0.000000 -51.733043 0.000000
-580.031250 -583.968750 16.031250 0.000000 133.415771 0.000000
